File                               Sentence length for capitals   Capital after '.'   Sentence length for '.'   Sentence length for ','   Sentence length for tab
../filerX/Link-NR.xml                             39.9535073409      0.666666666667             16318.3333333             8.09574995866             1882.88461538
../filerX/Barl.xml                                39.6908284024      0.387596899225             207.968992248             19.9168522643             447.133333333
../filerX/Did-B.xml                               39.1459731544     0.0753564154786             47.2179226069             21.8716981132                    120.75
../filerX/TreKung.xml                                    38.625      0.166666666667                     103.0                     618.0                     618.0
../filerX/PaulOmv.xml                                     38.08                 0.2                     190.2             86.4545454545                     951.0
../filerX/Macarius.xml                                     37.8                 1.0                    6237.0             7.38981042654                    2079.0
../filerX/Amalberga.xml                           37.7403100775                 0.0                    9734.0             8.73004484305             3244.66666667
../filerX/OgL-C.xml                               37.3377659574            0.096875               10.96171875                   14031.0                   14031.0
../filerX/Jakelina.xml                            37.2380952381                 1.0                     782.0             8.31914893617                     782.0
../filerX/ElisBra.xml                             37.0666666667                 0.0                     555.0             8.04347826087                     555.0
../filerX/MariaF.xml                              36.3666666667                 0.0                    1091.0             6.65243902439                    1091.0
../filerX/Olav.xml                                35.3164556962                 0.2                     557.6                    2788.0             199.142857143
../filerX/Anna1a.xml                              34.7081081081                 1.0                    6404.0             6.46868686869                    400.25
../filerX/Otilia.xml                                      34.08                 1.0                     852.0             8.11428571429                     284.0
../filerX/Moses-B.xml                             33.9760056457      0.146581294306             33.0130345301                  144366.0             630.419213974
../filerX/Did-A.xml                               33.8431372549      0.117766497462             10.0974619289                   24865.0              180.18115942
../filerX/Anna9.xml                               33.8368421053                 0.0                    6411.0             6.47575757576                  400.6875
../filerX/ErikReg.xml                             33.7015503876       0.90303030303             52.6787878788             72.4333333333             91.4947368421
../filerX/PatrikBil.xml                           31.6548672566     0.0461538461538             54.9076923077                    1784.5             594.833333333
../filerX/Sigfrid.xml                             31.0776699029                 1.0                    1597.5                    3195.0                  199.6875
../filerX/YVgL-add.xml                            30.6705882353      0.124661246612             5.24864498645                    7747.0             553.357142857
../filerX/Bo6.xml                                 30.6666666667                 0.0             29.5714285714             16.8979591837                     414.0
../filerX/StrLegBil-IV.xml                        30.4235294118                 0.0                     369.0                    1291.5             234.818181818
../filerX/NordBil.xml                             30.2428571429      0.142857142857             1207.85714286                    4227.5             216.794871795
../filerX/FelPetr.xml                             29.1428571429                 0.5                     612.0             7.07514450867                     612.0
../filerX/ErikBil.xml                                     29.05                 0.0                    1162.0                    1162.0                     232.4
../filerX/StrLegBil-I.xml                         28.7102803738               0.125                   383.625                     61.38                     613.8
../filerX/Greg-B.xml                              28.6606875934      0.371742112483             26.2908093278             336.245614035                    3833.2
../filerX/PauloJoh.xml                            28.5217391304                 0.0                     982.5                     982.5                     196.5
../filerX/JohChris.xml                            27.9866666667                 0.0                    4182.0             7.63138686131                    4182.0
../filerX/SdmL-Add.xml                             27.974137931      0.133489461358             7.56206088993                    1614.5                    161.45
../filerX/Bo63.xml                                27.9333333333                 0.0                     419.0             9.74418604651             279.333333333
../filerX/Stefan.xml                              27.8333333333                 0.5                     500.5             8.48305084746                    1001.0
../filerX/ElisUng.xml                             27.5128205128      0.121212121212             16.2575757576              18.186440678                    1073.0
../filerX/ElisUngUppB.xml                         27.5128205128      0.121212121212             16.2575757576              18.186440678                    1073.0
../filerX/KatSv.xml                               26.6851211073                 0.0                    5141.0             46.7363636364             185.819277108
../filerX/OgL-D.xml                                       26.28     0.0736842105263             13.8210526316                    1313.0                    1313.0
../filerX/BartMod.xml                             25.5744680851                 0.0                    1201.0             8.06040268456                    1201.0
../filerX/Birg-8.xml                              25.2584108805      0.269525267994             8.99285349668             463.605263158             3914.88888889
../filerX/Bo7.xml                                 24.9264705882      0.030303030303             25.6666666667             20.4096385542                    1694.0
../filerX/Bond.xml                                24.0760233918     0.0896551724138             94.5586206897             15.8630929425             131.415335463
../filerX/Magnus.xml                                       23.8                 0.5                     652.5                    1305.0                     435.0
../filerX/KatEgMir.xml                                   23.625              0.1875                   59.0625             12.2727272727                     945.0
../filerX/SVM-B.xml                               23.2757281553      0.666666666667             3991.66666667             48.4817813765             362.878787879
../filerX/DL.xml                                  23.1246458924      0.124962451187             4.86362270952                    8095.5             51.2373417722
../filerX/UL-A.xml                                22.7709782105      0.102672664726              4.2685013672             16130.6666667             102.743099788
../filerX/GermBil.xml                                      22.0                 1.0                     197.0                      39.4                     197.0
../filerX/Birg7-C61.xml                           21.9118942731                 0.0                   14895.0                   14895.0                   620.625
../filerX/Laek3.xml                               21.9003868472      0.718518518519             167.340740741             58.9843342037             60.7284946237
../filerX/Proskron.xml                            21.4566210046      0.266666666667             26.0611111111                     938.2             61.7236842105
../filerX/Joakim.xml                              21.3797468354                 0.0                    1689.0             9.65142857143                    422.25
../filerX/Briccius.xml                            20.3170731707     0.0909090909091             25.2424242424             18.9318181818             277.666666667
../filerX/Laek4.xml                               19.9669421488                 0.2                     481.8                    27.375                    120.45
../filerX/BlasiusBil.xml                          19.8541666667                 0.5                    238.25             68.0714285714                     190.6
../filerX/Troja.xml                               19.7736093144                 1.0                   45775.0             31.3312799452             111.125301205
../filerX/BirgVita.xml                             19.477124183      0.479262672811             27.4470046083             83.8873239437             541.454545455
../filerX/ElisUngUppA.xml                         19.4444444444      0.103225806452             28.2193548387             14.3881578947                     486.0
../filerX/Mektild20.xml                                    19.3                 0.0                     192.0                      96.0                     192.0
../filerX/MESt.xml                                19.0689045936      0.529625151149             25.5634824667             9.67994505495                   21141.0
../filerX/Birg4-8.xml                             18.8670708533      0.425531914894             885.838297872              131.50473784             23130.2222222
../filerX/Moses-A.xml                             18.6942325706      0.405027932961             390.030726257             46543.6666667             1329.81904762
../filerX/KarlMagnus-A.xml                        18.3254637437      0.143939393939              20.571969697                    1086.2                    2172.4
../filerX/Birg1-3.xml                              18.051260218      0.243577075099             52.2845849802             235.688195991                   13228.0
../filerX/Jart.xml                                17.9596273292      0.420679886686             40.9008498584             121.327731092             75.0025974026
../filerX/MariaE.xml                              17.8988764045                 0.5                    1593.0              9.6253776435                    1062.0
../filerX/AngDikt.xml                             17.7730138714      0.460122699387             21.5352760736              275.31372549             401.171428571
../filerX/ApG-A.xml                               17.6486486486      0.553398058252             113.970873786             103.884955752             205.947368421
../filerX/GL.xml                                  17.3868894602     0.0974358974359             7.59829059829                   13335.0             99.5149253731
../filerX/Judit.xml                               17.0545454545       0.15873015873             66.9603174603             23.1150684932                  527.3125
../filerX/KrL.xml                                 17.0221774194      0.166666666667             66.9761904762             23.1205479452                  527.4375
../filerX/Birg-Ox.xml                             16.4308176101      0.230769230769             401.615384615                    28.375                     522.1
../filerX/Ester.xml                               16.3942307692      0.171428571429             64.8761904762             20.7051671733             567.666666667
../filerX/MP1.xml                                 16.1717472119      0.252459016393             71.1918032787             33.6904577192             185.585470085
../filerX/KrL-MEL.xml                             15.9499549143      0.406744666208             23.7790777701             10.3477088949                   17275.5
../filerX/StefP.xml                               15.7857142857                 0.0                     220.0                      11.0                     110.0
../filerX/KrL-Ny.xml                              15.5756302521      0.422764227642             29.1788617886             10.8429003021                    3589.0
../filerX/LegBil.xml                              15.4525511462      0.349400423231             29.3743240066             77.1166666667             279.483221477
../filerX/Ansgar.xml                              15.4073071719      0.135135135135             614.810810811             23.3312820513             372.918032787
../filerX/Trost.xml                               14.7238608625     0.0526315789474             7615.68421053                   72349.0             530.036630037
../filerX/VHF.xml                                 14.5066666667                 0.0             83.6923076923             24.1777777778                    1088.0
../filerX/SVM-A.xml                               14.1949300699      0.205729166667             21.1393229167             1159.64285714             345.425531915
../filerX/Ruth.xml                                13.9044585987      0.138888888889             60.6111111111             27.6202531646             363.666666667
../filerX/Laek1.xml                               13.1208333333      0.545454545455             286.272727273                    157.45             53.3728813559
../filerX/StimAm.xml                              12.6681034483     0.0977596741344             53.7922606925             72.1639344262             628.857142857
../filerX/KrL-Andr.xml                            12.6567460317      0.448412698413             24.3134920635             10.5094339623                    6127.0
../filerXNy/Brahe.xml                             12.0223540146      0.971947194719             43.4603960396             11.7523427041             255.699029126
../filerXNy/Hogstrom-Lm.xml                                12.0      0.711267605634             25.0929577465              9.6459122902             144.845528455
../filerX/GL-Add.xml                              11.6532258065      0.157894736842             25.0877192982             12.0168067227                    89.375
../filerX/HML.xml                                  11.295583239      0.317567567568             13.4121621622             607.653061224             109.870848708
../filerX/OgL-N.xml                               11.2083333333                 0.2             11.8461538462                     770.0                     770.0

File                               Sentence length for capitals    Sentence length for '.'   Sentence length for ','   Sentence length for tab
../filerX/SVM-C.xml                               81.9746835443                     6473.0             86.3066666667             497.923076923
../filerX/UL-B.xml                                57.4507575758              5.55562339724             1978.04347826             229.772727273
../filerX/Servacius.xml                                    55.2                     4002.0             8.22610483042                    8004.0
../filerX/GregStyl.xml                            49.9345794393                     5342.0             7.97313432836                    5342.0
../filerX/Albinus.xml                             49.6764705882                     1689.0              9.0320855615                    1689.0
../filerX/MariaOe.xml                             43.7040358744                     9740.0             8.25423728814             1623.33333333
../filerX/Fara.xml                                42.8333333333                     1028.0              8.4958677686             342.666666667
../filerX/Tekla.xml                               40.5263157895                      770.0             8.65168539326                     770.0
../filerX/Joleida.xml                             40.0952380952                      842.0             7.38596491228                     842.0
../filerX/Rakel.xml                               41.5660377358                     2202.0             7.75352112676                     550.5

# make sure romerska siffror is not capitals..
